791355
275422
496150
175277
333822
157326
586438
637102
55732
918210
775943
393218
173791
209230
701494
89140
475417
653260
46340
457408
202982
943956
757864
399565
68567
626937
84496
580153
334372
468573
902593
398230
962707
720729
689854
577482
298841
547397
315701
494183
362045
528366
819023
155310
605070
7673
333062
535592
612612
871835
613944
306235
155157
559652
226598
38013
890386
683056
469086
205672
151099
408398
573495
338638
58492
789083
956989
323127
552830
944084
519969
852395
457516
581671
507528
424997
614314
860894
546339
176709
561930
699974
323292
494615
346284
704947
880086
928471
643873
106937
365963
974338
23247
141347
726209
955777
154786
964171
109375
533562
944109
354614
713579
510871
51848
106671
501440
13528
836310
275773
88816
932526
621958
36031
967315
902600
138097
74030
330597
549340
479090
23507
433930
973364
213419
374834
880529
439208
873165
942993
201536
204026
736169
232271
193801
641564
940393
672552
439007
794318
177082
736940
880745
907888
259409
40232
945991
528257
594349
729972
975611
248486
346937
430156
827335
775020
550440
893214
921237
880012
319563
888664
827333
369609
158223
657343
321308
123621
872598
956609
948733
568490
530921
875798
319115
115205
449333
637993
356383
844644
954660
899708
39335
968402
961852
413696
922942
715769
541649
64492
708070
637965
9925
504176
194489
864902
257400
430035
457085
446350
299768
674428
454583
754537
979380
668452
663566
879340
503584
243652
516789
745069
333025
432328
304556
86932
539679
342679
848206
330757
566925
437133
509700
484198
617408
116665
532970
53233
484978
82098
822322
515501
468658
498382
324175
926557
102957
285067
733475
278764
438934
123831
421666
132271
283410
644159
699298
16835
821372
712298
854231
748563
160961
618592
971353
104252
344969
50615
681491
571205
91879
209989
826454
874805
899840
288981
918619
686738
844009
185556
259107
686037
113702
502141
180001
626639
495796
538368
402728
673329
952373
313128
717092
56398
927666
701281
59502
450782
317469
855269
604661
573505
529140
643053
621320
738703
142525
472027
925425
69103
996706
511426
861972
522023
1300
343054
690032
910563
706106
623489
311440
665936
353325
678527
205610
479853
214595
712
176367
740054
561395
941278
770344
99546
43731
249897
96988
880224
728048
591056
919772
525034
346253
298081
479662
252286
266752
41651
369168
308244
290126
665996
133543
381655
474856
667011
366220
45105
665091
517337
90229
431127
672713
659220
684997
166722
541844
842114
57173
819023
722010
878530
98189
117665
861930
780853
731647
702374
257638
995589
242499
241068
189159
953739
67644
200986
795055
368881
143643
325768
109659
960190
749380
767730
476305
818919
625654
585187
488772
110189
6988
615580
979790
143238
742493
676515
364790
122951
310180
645941
395825
520422
410976
556400
299945
802943
818806
802365
97927
700308
151583
776426
876467
651610
627854
253326
362747
77476
612022
112089
933674
648900
693954
741572
99146
134245
314674
598858
743660
389367
725836
231310
576118
105472
672840
541411
606396
696465
955666
973053
620874
112354
92425
14480
832256
179986
228885
641000
341108
798548
516657
243940
698534
454704
249451
682625
639173
787925
537470
474212
497052
926450
86546
23942
211362
391658
57405
655956
403403
348694
396763
288440
795424
954912
584864
451500
267117
943198
200056
80238
851696
610183
500956
989659
969347
199108
773448
666777
372059
891733
494218
53110
819655
95520
474801
529883
958990
974667
181808
472523
500827
639017
306145
653215
347293
873809
677242
59183
883196
598767
351500
85019
625713
998861
300483
354912
3348
361193
681625
846295
316076
144897
510430
115150
883279
405468
233473
475692
136357
184254
260695
342659
980026
357619
563006
465356
322155
373037
167129
666740
928988
399625
719909
607245
901424
738718
772032
788338
175629
631437
523029
453415
332052
103945
767168
68488
775501
323087
69882
469175
7603
409885
397629
629610
518165
865224
253408
857393
949874
26982
681200
727713
617246
649739
372881
73849
339076
291618
341181
180868
655502
504552
689812
237655
797526
671088
10948
649042
884567
486954
954732
908335
376325
959271
800719
193574
281676
246475
743263
609576
199917
960828
873440
695214
904570
168534
943053
412497
224973
434106
225618
130646
550480
277117
63581
264943
834072
9049
259295
57125
833701
202026
96742
769360
924188
6025
588081
703996
266698
132447
514069
647942
196822
586304
788483
779731
155243
462253
854893
734960
410886
294171
126477
205847
743925
511992
408370
720827
146531
566975
543227
838787
543369
518312
664803
869031
434111
861452
507418
938459
79875
850896
465324
736290
30869
14237
188390
85096
385499
454751
245130
90833
284626
188171
932306
204316
72254
767381
792958
515276
82349
814350
145540
468879
200168
402476
315756
384508
914728
170521
130383
590252
522259
908086
108325
190774
235363
886030
517348
966696
479031
352078
762912
969081
245507
679241
216678
401251
880721
328294
859929
76406
909750
584216
898797
618437
977079
772584
38247
569994
153291
139160
878622
798383
746243
176227
984357
276198
699584
673152
682784
630852
828669
188607
774614
662297
185148
319769
317764
161165
996067
177774
726551
485264
893311
366315
179172
134064
926844
310580
426297
709888
337392
933512
849385
88784
578128
164350
611093
587603
151546
905194
920811
181126
69703
204825
228277
510950
744502
486619
822950
847624
735445
447740
831948
329264
586403
570984
928431
700926
988778
811617
906415
501005
45178
677706
848143
397163
131967
621926
64550
347626
740273
630099
744972
355345
205487
809602
547587
924299
481831
883833
565467
319193
503518
685625
651611
15023
977772
876113
67761
389506
372137
504255
838818
816738
845897
411219
742773
929694
168215
527114
488864
431009
676881
337001
423086
206877
151426
728134
110824
672535
235619
258530
23738
32216
821514
651783
20423
534313
333861
22037
878780
387795
752458
600052
911672
363667
731456
198543
102669
537233
881882
864161
52801
699528
108033
153291
58423
277395
744277
595903
746113
867149
24173
237509
46669
665712
901426
92195
924925
748967
648150
773219
717006
997313
837995
496237
36265
499793
750306
797094
222999
43462
569092
432876
103107
637397
574371
162958
440771
781713
86209
222758
722861
92590
972060
988660
278634
178741
82055
652074
835320
141199
992314
694804
140738
280402
314008
436003
942938
150648
931570
182831
6913
463205
133824
58478
1549
74843
658401
107026
17578
657709
305830
189275
499217
336400
888971
493247
370765
358941
972185
711723
608327
600690
621710
312720
498568
764720
414808
746363
198180
958255
546118
727083
466432
849782
969618
355281
449797
884830
791826
934756
812065
235878
377181
418770
40673
190121
30008
994540
396770
938253
492954
998333
921351
476794
780861
989534
430429
736977
464318
126701
611692
446840
563488
122036
155973
698043
416367
883990
138467
983598
163815
694576
178592
529906
305674
829502
984020
380787
961718
56863
177938
734381
740776
841345
963663
1
2
3
4
5
6
7
8
9
10
11